$ANSIBLE_VAULT;1.1;AES256
64663535376463313836616438313866303835393563623866373235643836326563343739366566
6431306164336332333434346464393261633765326533380a363765663462393337633563393563
65313761333162306465663034306332663931386139656438616333656262313465363964653866
3639313862396165610a623333303163323664643132303764656530383166616538386565343862
38333035653639363633643739393565613166383734313734663937663332363461616639633832
65633130373863663062373863396565616432343937396430616137313334623335613737626431
38613032323232663961356165356337333065373961323137373333376332653231313235396636
63396433363466346530356331396437383032333638366138313962653162396365356235356562
63303065323039346538396362353733633066343131306265666338356666653031623439346538
37313933636132666234633530356461613932326561656435356661376664353238376433653530
37643539323163656436306235396336623061313166323431616233333563393039626264653861
37646236303665386534383739386666393039316239373635343365303536346163646137356334
66303332393036646165643633376130623432386635383163393639336431393232656538313438
32396436323065316163323532353664316661383938373061313934626661383431626161643234
62323061353031656262386339626535343065653730633463353138636436373230643563366338
38333737353932363166376232393765346630393731343837396461343530383339653537333061
66343636623364643835353439666635653566326535353837313132666663616133333130653438
63623530623665333939313031616336666331306261373838383634386566653063653566326664
38653765303339306663383966353465333665626530343435636437653934313835653862353138
63313962343831306566333234393039666238356437616239623638663238306439393264343264
34393963633537613331306562356461373939386664663538306133373436636262366230656134
30313538316538306561306630363730393963333237623635656665663163333633626334346336
32333735663736386231613062653264313965623132666636613930623563626634616531353166
66323464323330336234343930643662623364656465353730386261356235383631346432313836
6331
