$ANSIBLE_VAULT;1.1;AES256
62333666386535353832656531353063306533323961323735643564323938316633383030303434
6337306238336535646664626630326235666236316339350a396233353862623564306663313065
37626465643936626138323035303630623264613463396230326366626334383764323138353532
3437613136323663310a393237396632383537313566663065343462343230646461376639616164
34303430633534343265336439333330313033393839646132626439303131333135356436343538
31363965326333343861373134336162363637646666616535373330313662336164393933316630
32313630353036393064663135356161376463646535333135373435653662633433366231643863
34333762326231373436383535636266316133323432323035386331396236366266353134613366
31656530643866646434646339643130343463393938366265343238323066313065386263373939
36643564383934353066616566336632373765376337316163636336656333333730353563643935
36336465386330636430653761343061396231363635323464653461376361363231363064303164
65333063316134303630643730356363313964646432366563316265373665343538316339623164
34393835656464333332646666373731323030353432353136663137313039346464366639323237
32343461373237393066323863616237323163626434663834666164646166326236326334333630
37633635373239333162643736326537353232373731323764626162363130356137653434373434
62616264366439633332663934626230306666666262616464623939636461393238623539656662
36333938653531393064363433373734663334343338386562376562313639353836363530376231
30626562336162626338336662663236653132383566326638373665653330663666646636303639
62643535313462353231363166316139303165663634616461613836353763346634653431643431
32666135326636313236636532633638393566336531663264376162653365353762303966636666
63623933626261336463353966363265326639336235613433326631346336366633313133306166
38653037336434656165353765336530383638643737656630356465326664363264313862626331
39313738623462643265643865633363376139623733383832616639316434643463383536656234
31303864303864356365636332643632393465396165386534616261613861303339336262633333
6637
